1
4.328997873215778
2
2.3306366618238212
3
1.6765727639116244
4
1.3261294867241142
5
1.114656739985736
6
0.9567385203824468
7
0.8334092391157045
8
0.7375154459295875
9
0.6850729663842344
10
0.608874348994944
11
0.5729292718125335
12
0.5189108030512046
13
0.473353583808912
14
0.4348050593675202
15
0.3973739516656423
16
0.3766959427522696
17
0.3509939966539769
18
0.32862893650641856
19
0.3013577626561351
20
0.2824072687899923
21
0.26391686245553464
22
0.24400893516022928
23
0.2149635101470916
24
0.20058017460168498
25
0.19186318115980966
26
0.1617526172788182
27
0.1556654143239801
28
0.14825799469821496
29
0.13604474174960227
30
0.11999663048379963
31
0.11740936562870706
32
0.09969368785302829
33
0.08466473259773424
34
0.07054241880985798
35
0.06981386290285256
36
0.06005523591808608
37
0.04057951838863394
38
0.03766858806764301
39
0.027306394212193177
40
0.01994217853152872
41
0.01184462638481197
42
0.00695088644177937
43
-0.005500130256767507
44
-0.002976674952063514
45
-0.012573783965874113
46
-0.025405789854590258
47
-0.03606290024974806
48
-0.03674294325612787
49
-0.04724973720951724
50
-0.05624473252073523
51
-0.05719784732757896
52
-0.07310560948192822
53
-0.06898818373465533
54
-0.07626923017835027
55
-0.08106810822740929
56
-0.09063529226402008
57
-0.09492006375348343
58
-0.09892142764825325
59
-0.1094140173256595
60
-0.10717124197778884
61
-0.10794785333756844
62
-0.12119885274704524
63
-0.11859413712413047
64
-0.13662287476885504
65
-0.13711073613520497
66
-0.13549186456726434
67
-0.14054406619964457
68
-0.14746538706240908
69
-0.15173385396700934
70
-0.1522152681785493
71
-0.15654981395076814
72
-0.16036463620224894
73
-0.17504325809354793
74
-0.1670412283884815
75
-0.17986986606588432
76
-0.1818335390671927
77
-0.18030022627413436
78
-0.18586417049569381
79
-0.19457571240553467
80
-0.19321031984708642
81
-0.19693698157900846
82
-0.20528818684481634
83
-0.1997577749881058
84
-0.210726693252659
85
-0.21300746168918785
86
-0.212737736838592
87
-0.22166997571352717
88
-0.224072595577207
89
-0.22387451421663243
90
-0.22848267398277428
91
-0.23353550645434995
92
-0.229741802694395
93
-0.24265842285797765
94
-0.24424266289945934
95
-0.24095876856352427
96
-0.2435714870460637
97
-0.2520800312728786
98
-0.2527538235986968
99
-0.2597243297217124
100
-0.2636901951151592


1
6.237682068180018
2
3.3272352487849117
3
2.4049669095176536
4
1.879645909888866
5
1.592642431396336
6
1.3784874486973857
7
1.236785039987015
8
1.0991801709995102
9
1.0079322365710772
10
0.927187909048527
11
0.8623216909344307
12
0.7892342684129897
13
0.7515581375659188
14
0.6986237845375168
15
0.6631070797807261
16
0.6267036195359175
17
0.5956251020491138
18
0.5499439954849469
19
0.5262586978096041
20
0.49722189304707465
21
0.4778531059121987
22
0.45264236246363465
23
0.4344929567556751
24
0.4191024459116305
25
0.3948192911716829
26
0.3758665175372829
27
0.3526247563411168
28
0.3420244925242606
29
0.3264192835828264
30
0.31143141279717607
31
0.30571337954968486
32
0.2870297993544268
33
0.2769976578591239
34
0.25693101885653363
35
0.24830229886963245
36
0.24417316133192243
37
0.22740726581598086
38
0.2262836973149697
39
0.20734812158230775
40
0.19842065348595483
41
0.18335388453720838
42
0.1846872484021064
43
0.1719948940793256
44
0.16017326480019428
45
0.15824414161773132
46
0.14420846656714
47
0.137322627379698
48
0.12976571158037278
49
0.12141721260323525
50
0.11299946505346839
51

0.10471429847220975
52
0.10512386155476186
53
0.09391496618563731
54
0.09184138629901913
55
0.08173453537643308
56
0.07755261948647704
57
0.0669478821630086
58
0.06442367815825331
59
0.05959083057255666
60
0.04803283790341467
61
0.052874647551399805
62
0.04495169924592355
63
0.03647499861822875
64
0.02929806194170167
65
0.02615021503475461
66
0.021444805377426754
67
0.015793970545204556
68
0.010254007863718788
69
0.0045286688327460895
70
0.0021950508273314508
71
-0.003891932035980752
72
-0.006764481489421806
73
-0.014485902092290448
74
-0.01738278899916929
75
-0.020759508464729483
76
-0.024149054232924714
77
-0.030730303373527796
78
-0.032314009292122164
79
-0.03883749257405328
80
-0.041971561158162404
81
-0.04481517251887959
82
-0.047881349996453305
83
-0.05385326097541775
84
-0.05755731516162063
85
-0.06320145673192468
86
-0.0659807638452756
87
-0.06709835227192647
88
-0.07650209242843639
89
-0.07260659830392822
90
-0.08162239050332286
91
-0.08538207058821914
92
-0.08714298791681198
93
-0.08327988730692154
94
-0.08988611475266614
95
-0.09371235224420654
96
-0.09565476136629669
97
-0.09669534700517567
98
-0.10537018215592114
99
-0.10757102093777884
100
-0.10795934130778853